-2.499301815553656070e+02
-2.497233713099743682e+02
-2.495165610645830156e+02
-2.493097508191917768e+02
-2.491029405738005380e+02
-2.488961303284091855e+02
-2.486893200830179467e+02
-2.484825098376265942e+02
-2.482756995922353553e+02
-2.480688893468441165e+02
-2.478620791014527640e+02
-2.476552688560615252e+02
-2.474484586106701727e+02
-2.472416483652789339e+02
-2.470348381198876950e+02
-2.468280278744963425e+02
-2.466212176291051037e+02
-2.464144073837137512e+02
-2.462075971383225124e+02
-2.460007868929312735e+02
-2.457939766475399210e+02
-2.455871664021486822e+02
-2.453803561567574434e+02
-2.451735459113660909e+02
-2.449667356659748521e+02
-2.447599254205834995e+02
-2.445531151751922607e+02
-2.443463049298010219e+02
-2.441394946844096694e+02
-2.439326844390184306e+02
-2.437258741936270781e+02
-2.435190639482358392e+02
-2.433122537028446004e+02
-2.431054434574532479e+02
-2.428986332120620091e+02
-2.426918229666706566e+02
-2.424850127212794177e+02
-2.422782024758881789e+02
-2.420713922304968264e+02
-2.418645819851055876e+02
-2.416577717397142351e+02
-2.414509614943229963e+02
-2.412441512489317574e+02
-2.410373410035404049e+02
-2.408305307581491661e+02
-2.406237205127579273e+02
-2.404169102673665748e+02
-2.402101000219753359e+02
-2.400032897765839834e+02
-2.397964795311927446e+02
-2.395896692858015058e+02
-2.393828590404101533e+02
-2.391760487950189145e+02
-2.389692385496275620e+02
-2.387624283042363231e+02
-2.385556180588450843e+02
-2.383488078134537318e+02
-2.381419975680624930e+02
-2.379351873226711405e+02
-2.377283770772799016e+02
-2.375215668318886628e+02
-2.373147565864973103e+02
-2.371079463411060715e+02
-2.369011360957148327e+02
-2.366943258503234802e+02
-2.364875156049322413e+02
-2.362807053595408888e+02
-2.360738951141496500e+02
-2.358670848687584112e+02
-2.356602746233670587e+02
-2.354534643779758198e+02
-2.352466541325844673e+02
-2.350398438871932285e+02
-2.348330336418019897e+02
-2.346262233964106372e+02
-2.344194131510193984e+02
-2.342126029056280458e+02
-2.340057926602368070e+02
-2.337989824148455682e+02
-2.335921721694542157e+02
-2.333853619240629769e+02
-2.331785516786717380e+02
-2.329717414332803855e+02
-2.327649311878891467e+02
-2.325581209424977942e+02
-2.323513106971065554e+02
-2.321445004517153166e+02
-2.319376902063239640e+02
-2.317308799609327252e+02
-2.315240697155413727e+02
-2.313172594701501339e+02
-2.311104492247588951e+02
-2.309036389793675426e+02
-2.306968287339763037e+02
-2.304900184885849512e+02
-2.302832082431937124e+02
-2.300763979978024736e+02
-2.298695877524111211e+02
-2.296627775070198823e+02
-2.294559672616286434e+02
-2.292491570162372909e+02
-2.290423467708460521e+02
-2.288355365254546996e+02
-2.286287262800634608e+02
-2.284219160346722219e+02
-2.282151057892808694e+02
-2.280082955438896306e+02
-2.278014852984982781e+02
-2.275946750531070393e+02
-2.273878648077158005e+02
-2.271810545623244479e+02
-2.269742443169332091e+02
-2.267674340715418566e+02
-2.265606238261506178e+02
-2.263538135807593790e+02
-2.261470033353680265e+02
-2.259401930899767876e+02
-2.257333828445854351e+02
-2.255265725991941963e+02
-2.253197623538029575e+02
-2.251129521084116050e+02
-2.249061418630203661e+02
-2.246993316176291273e+02
-2.244925213722377748e+02
-2.242857111268465360e+02
-2.240789008814551835e+02
-2.238720906360639447e+02
-2.236652803906727058e+02
-2.234584701452813533e+02
-2.232516598998901145e+02
-2.230448496544987620e+02
-2.228380394091075232e+02
-2.226312291637162843e+02
-2.224244189183249318e+02
-2.222176086729336930e+02
-2.220107984275423405e+02
-2.218039881821511017e+02
-2.215971779367598629e+02
-2.213903676913685104e+02
-2.211835574459772715e+02
-2.209767472005860327e+02
-2.207699369551946802e+02
-2.205631267098034414e+02
-2.203563164644120889e+02
-2.201495062190208500e+02
-2.199426959736296112e+02
-2.197358857282382587e+02
-2.195290754828470199e+02
-2.193222652374556674e+02
-2.191154549920644286e+02
-2.189086447466731897e+02
-2.187018345012818372e+02
-2.184950242558905984e+02
-2.182882140104992459e+02
-2.180814037651080071e+02
-2.178745935197167682e+02
-2.176677832743254157e+02
-2.174609730289341769e+02
-2.172541627835429381e+02
-2.170473525381515856e+02
-2.168405422927603468e+02
-2.166337320473689942e+02
-2.164269218019777554e+02
-2.162201115565865166e+02
-2.160133013111951641e+02
-2.158064910658039253e+02
-2.155996808204125728e+02
-2.153928705750213339e+02
-2.151860603296300951e+02
-2.149792500842387426e+02
-2.147724398388475038e+02
-2.145656295934561513e+02
-2.143588193480649124e+02
-2.141520091026736736e+02
-2.139451988572823211e+02
-2.137383886118910823e+02
-2.135315783664998435e+02
-2.133247681211084910e+02
-2.131179578757172521e+02
-2.129111476303258996e+02
-2.127043373849346608e+02
-2.124975271395434220e+02
-2.122907168941520695e+02
-2.120839066487608306e+02
-2.118770964033694781e+02
-2.116702861579782393e+02
-2.114634759125870005e+02
-2.112566656671956480e+02
-2.110498554218044092e+02
-2.108430451764130567e+02
-2.106362349310218178e+02
-2.104294246856305790e+02
-2.102226144402392265e+02
-2.100158041948479877e+02
-2.098089939494566352e+02
-2.096021837040653963e+02
-2.093953734586741575e+02
-2.091885632132828050e+02
-2.089817529678915662e+02
-2.087749427225003274e+02
-2.085681324771089749e+02
-2.083613222317177360e+02
-2.081545119863263835e+02
-2.079477017409351447e+02
-2.077408914955439059e+02
-2.075340812501525534e+02
-2.073272710047613145e+02
-2.071204607593699620e+02
-2.069136505139787232e+02
-2.067068402685874844e+02
-2.065000300231961319e+02
-2.062932197778048931e+02
-2.060864095324135405e+02
-2.058795992870223017e+02
-2.056727890416310629e+02
-2.054659787962397104e+02
-2.052591685508484716e+02
-2.050523583054572327e+02
-2.048455480600658802e+02
-2.046387378146746414e+02
-2.044319275692832889e+02
-2.042251173238920501e+02
-2.040183070785008113e+02
-2.038114968331094587e+02
-2.036046865877182199e+02
-2.033978763423268674e+02
-2.031910660969356286e+02
-2.029842558515443898e+02
-2.027774456061530373e+02
-2.025706353607617984e+02
-2.023638251153704459e+02
-2.021570148699792071e+02
-2.019502046245879683e+02
-2.017433943791966158e+02
-2.015365841338053770e+02
-2.013297738884141381e+02
-2.011229636430227856e+02
-2.009161533976315468e+02
-2.007093431522401943e+02
-2.005025329068489555e+02
-2.002957226614577166e+02
-2.000889124160663641e+02
-1.998821021706751253e+02
-1.996752919252837728e+02
-1.994684816798925340e+02
-1.992616714345012952e+02
-1.990548611891099426e+02
-1.988480509437187038e+02
-1.986412406983273513e+02
-1.984344304529361125e+02
-1.982276202075448737e+02
-1.980208099621535212e+02
-1.978139997167622823e+02
-1.976071894713710435e+02
-1.974003792259796910e+02
-1.971935689805884522e+02
-1.969867587351970997e+02
-1.967799484898058608e+02
-1.965731382444146220e+02
-1.963663279990232695e+02
-1.961595177536320307e+02
-1.959527075082406782e+02
-1.957458972628494394e+02
-1.955390870174582005e+02
-1.953322767720668480e+02
-1.951254665266756092e+02
-1.949186562812842567e+02
-1.947118460358930179e+02
-1.945050357905017790e+02
-1.942982255451104265e+02
-1.940914152997191877e+02
-1.938846050543278352e+02
-1.936777948089365964e+02
-1.934709845635453576e+02
-1.932641743181540051e+02
-1.930573640727627662e+02
-1.928505538273715274e+02
-1.926437435819801749e+02
-1.924369333365889361e+02
-1.922301230911975836e+02
-1.920233128458063447e+02
-1.918165026004151059e+02
-1.916096923550237534e+02
-1.914028821096325146e+02
-1.911960718642411621e+02
-1.909892616188499233e+02
-1.907824513734586844e+02
-1.905756411280673319e+02
-1.903688308826760931e+02
-1.901620206372847406e+02
-1.899552103918935018e+02
-1.897484001465022629e+02
-1.895415899011109104e+02
-1.893347796557196716e+02
-1.891279694103284328e+02
-1.889211591649370803e+02
-1.887143489195458415e+02
-1.885075386741544889e+02
-1.883007284287632501e+02
-1.880939181833720113e+02
-1.878871079379806588e+02
-1.876802976925894200e+02
-1.874734874471980675e+02
-1.872666772018068286e+02
-1.870598669564155898e+02
-1.868530567110242373e+02
-1.866462464656329985e+02
-1.864394362202416460e+02
-1.862326259748504071e+02
-1.860258157294591683e+02
-1.858190054840678158e+02
-1.856121952386765770e+02
-1.854053849932853382e+02
-1.851985747478939857e+02
-1.849917645025027468e+02
-1.847849542571113943e+02
-1.845781440117201555e+02
-1.843713337663289167e+02
-1.841645235209375642e+02
-1.839577132755463253e+02
-1.837509030301549728e+02
-1.835440927847637340e+02
-1.833372825393724952e+02
-1.831304722939811427e+02
-1.829236620485899039e+02
-1.827168518031985514e+02
-1.825100415578073125e+02
-1.823032313124160737e+02
-1.820964210670247212e+02
-1.818896108216334824e+02
-1.816828005762422436e+02
-1.814759903308508910e+02
-1.812691800854596522e+02
-1.810623698400682997e+02
-1.808555595946770609e+02
-1.806487493492858221e+02
-1.804419391038944696e+02
-1.802351288585032307e+02
-1.800283186131118782e+02
-1.798215083677206394e+02
-1.796146981223294006e+02
-1.794078878769380481e+02
-1.792010776315468092e+02
-1.789942673861554567e+02
-1.787874571407642179e+02
-1.785806468953729791e+02
-1.783738366499816266e+02
-1.781670264045903878e+02
-1.779602161591990352e+02
-1.777534059138077964e+02
-1.775465956684165576e+02
-1.773397854230252051e+02
-1.771329751776339663e+02
-1.769261649322427274e+02
-1.767193546868513749e+02
-1.765125444414601361e+02
-1.763057341960687836e+02
-1.760989239506775448e+02
-1.758921137052863060e+02
-1.756853034598949534e+02
-1.754784932145037146e+02
-1.752716829691123621e+02
-1.750648727237211233e+02
-1.748580624783298845e+02
-1.746512522329385320e+02
-1.744444419875472931e+02
-1.742376317421559406e+02
-1.740308214967647018e+02
-1.738240112513734630e+02
-1.736172010059821105e+02
-1.734103907605908717e+02
-1.732035805151996328e+02
-1.729967702698082803e+02
-1.727899600244170415e+02
-1.725831497790256890e+02
-1.723763395336344502e+02
-1.721695292882432113e+02
-1.719627190428518588e+02
-1.717559087974606200e+02
-1.715490985520692675e+02
-1.713422883066780287e+02
-1.711354780612867899e+02
-1.709286678158954373e+02
-1.707218575705041985e+02
-1.705150473251128460e+02
-1.703082370797216072e+02
-1.701014268343303684e+02
-1.698946165889390159e+02
-1.696878063435477770e+02
-1.694809960981565382e+02
-1.692741858527651857e+02
-1.690673756073739469e+02
-1.688605653619825944e+02
-1.686537551165913555e+02
-1.684469448712001167e+02
-1.682401346258087642e+02
-1.680333243804175254e+02
-1.678265141350261729e+02
-1.676197038896349341e+02
-1.674128936442436952e+02
-1.672060833988523427e+02
-1.669992731534611039e+02
-1.667924629080697514e+02
-1.665856526626785126e+02
-1.663788424172872737e+02
-1.661720321718959212e+02
-1.659652219265046824e+02
-1.657584116811133299e+02
-1.655516014357220911e+02
-1.653447911903308523e+02
-1.651379809449394998e+02
-1.649311706995482609e+02
-1.647243604541570221e+02
-1.645175502087656696e+02
-1.643107399633744308e+02
-1.641039297179830783e+02
-1.638971194725918394e+02
-1.636903092272006006e+02
-1.634834989818092481e+02
-1.632766887364180093e+02
-1.630698784910266568e+02
-1.628630682456354180e+02
-1.626562580002441791e+02
-1.624494477548528266e+02
-1.622426375094615878e+02
-1.620358272640702353e+02
-1.618290170186789965e+02
-1.616222067732877576e+02
-1.614153965278964051e+02
-1.612085862825051663e+02
-1.610017760371139275e+02
-1.607949657917225750e+02
-1.605881555463313362e+02
-1.603813453009399836e+02
-1.601745350555487448e+02
-1.599677248101575060e+02
-1.597609145647661535e+02
-1.595541043193749147e+02
-1.593472940739835622e+02
-1.591404838285923233e+02
-1.589336735832010845e+02
-1.587268633378097320e+02
-1.585200530924184932e+02
-1.583132428470271407e+02
-1.581064326016359018e+02
-1.578996223562446630e+02
-1.576928121108533105e+02
-1.574860018654620717e+02
-1.572791916200708329e+02
-1.570723813746794804e+02
-1.568655711292882415e+02
-1.566587608838968890e+02
-1.564519506385056502e+02
-1.562451403931144114e+02
-1.560383301477230589e+02
-1.558315199023318200e+02
-1.556247096569404675e+02
-1.554178994115492287e+02
-1.552110891661579899e+02
-1.550042789207666374e+02
-1.547974686753753986e+02
-1.545906584299840461e+02
-1.543838481845928072e+02
-1.541770379392015684e+02
-1.539702276938102159e+02
-1.537634174484189771e+02
-1.535566072030277383e+02
-1.533497969576363857e+02
-1.531429867122451469e+02
-1.529361764668537944e+02
-1.527293662214625556e+02
-1.525225559760713168e+02
-1.523157457306799643e+02
-1.521089354852887254e+02
-1.519021252398973729e+02
-1.516953149945061341e+02
-1.514885047491148953e+02
-1.512816945037235428e+02
-1.510748842583323039e+02
-1.508680740129409514e+02
-1.506612637675497126e+02
-1.504544535221584738e+02
-1.502476432767671213e+02
-1.500408330313758825e+02
-1.498340227859845299e+02
-1.496272125405932911e+02
-1.494204022952020523e+02
-1.492135920498106998e+02
-1.490067818044194610e+02
-1.487999715590282221e+02
-1.485931613136368696e+02
-1.483863510682456308e+02
-1.481795408228542783e+02
-1.479727305774630395e+02
-1.477659203320718007e+02
-1.475591100866804481e+02
-1.473522998412892093e+02
-1.471454895958978568e+02
-1.469386793505066180e+02
-1.467318691051153792e+02
-1.465250588597240267e+02
-1.463182486143327878e+02
-1.461114383689414353e+02
-1.459046281235501965e+02
-1.456978178781589577e+02
-1.454910076327676052e+02
-1.452841973873763664e+02
-1.450773871419851275e+02
-1.448705768965937750e+02
-1.446637666512025362e+02
-1.444569564058111837e+02
-1.442501461604199449e+02
-1.440433359150287060e+02
-1.438365256696373535e+02
-1.436297154242461147e+02
-1.434229051788547622e+02
-1.432160949334635234e+02
-1.430092846880722846e+02
-1.428024744426809320e+02
-1.425956641972896932e+02
-1.423888539518983407e+02
-1.421820437065071019e+02
-1.419752334611158631e+02
-1.417684232157245106e+02
-1.415616129703332717e+02
-1.413548027249420329e+02
-1.411479924795506804e+02
-1.409411822341594416e+02
-1.407343719887680891e+02
-1.405275617433768502e+02
-1.403207514979856114e+02
-1.401139412525942589e+02
-1.399071310072030201e+02
-1.397003207618116676e+02
-1.394935105164204288e+02
-1.392867002710291899e+02
-1.390798900256378374e+02
-1.388730797802465986e+02
-1.386662695348552461e+02
-1.384594592894640073e+02
-1.382526490440727684e+02
-1.380458387986814159e+02
-1.378390285532901771e+02
-1.376322183078989383e+02
-1.374254080625075858e+02
-1.372185978171163470e+02
-1.370117875717249945e+02
-1.368049773263337556e+02
-1.365981670809425168e+02
-1.363913568355511643e+02
-1.361845465901599255e+02
-1.359777363447685730e+02
-1.357709260993773341e+02
-1.355641158539860953e+02
-1.353573056085947428e+02
-1.351504953632035040e+02
-1.349436851178121515e+02
-1.347368748724209127e+02
-1.345300646270296738e+02
-1.343232543816383213e+02
-1.341164441362470825e+02
-1.339096338908557300e+02
-1.337028236454644912e+02
-1.334960134000732523e+02
-1.332892031546818998e+02
-1.330823929092906610e+02
-1.328755826638994222e+02
-1.326687724185080697e+02
-1.324619621731168309e+02
-1.322551519277254783e+02
-1.320483416823342395e+02
-1.318415314369430007e+02
-1.316347211915516482e+02
-1.314279109461604094e+02
-1.312211007007690569e+02
-1.310142904553778180e+02
-1.308074802099865792e+02
-1.306006699645952267e+02
-1.303938597192039879e+02
-1.301870494738126354e+02
-1.299802392284213965e+02
-1.297734289830301577e+02
-1.295666187376388052e+02
-1.293598084922475664e+02
-1.291529982468563276e+02
-1.289461880014649751e+02
-1.287393777560737362e+02
-1.285325675106823837e+02
-1.283257572652911449e+02
-1.281189470198999061e+02
-1.279121367745085536e+02
-1.277053265291173147e+02
-1.274985162837259622e+02
-1.272917060383347234e+02
-1.270848957929434846e+02
-1.268780855475521321e+02
-1.266712753021608933e+02
-1.264644650567695408e+02
-1.262576548113783019e+02
-1.260508445659870631e+02
-1.258440343205957106e+02
-1.256372240752044718e+02
-1.254304138298132330e+02
-1.252236035844218804e+02
-1.250167933390306416e+02
-1.248099830936392891e+02
-1.246031728482480503e+02
-1.243963626028568115e+02
-1.241895523574654590e+02
-1.239827421120742201e+02
-1.237759318666828676e+02
-1.235691216212916288e+02
-1.233623113759003900e+02
-1.231555011305090375e+02
-1.229486908851177986e+02
-1.227418806397264461e+02
-1.225350703943352073e+02
-1.223282601489439685e+02
-1.221214499035526160e+02
-1.219146396581613772e+02
-1.217078294127701383e+02
-1.215010191673787858e+02
-1.212942089219875470e+02
-1.210873986765961945e+02
-1.208805884312049557e+02
-1.206737781858137168e+02
-1.204669679404223643e+02
-1.202601576950311255e+02
-1.200533474496397730e+02
-1.198465372042485342e+02
-1.196397269588572954e+02
-1.194329167134659428e+02
-1.192261064680747040e+02
-1.190192962226833515e+02
-1.188124859772921127e+02
-1.186056757319008739e+02
-1.183988654865095214e+02
-1.181920552411182825e+02
-1.179852449957269300e+02
-1.177784347503356912e+02
-1.175716245049444524e+02
-1.173648142595530999e+02
-1.171580040141618611e+02
-1.169511937687706222e+02
-1.167443835233792697e+02
-1.165375732779880309e+02
-1.163307630325966784e+02
-1.161239527872054396e+02
-1.159171425418142007e+02
-1.157103322964228482e+02
-1.155035220510316094e+02
-1.152967118056402569e+02
-1.150899015602490181e+02
-1.148830913148577793e+02
-1.146762810694664267e+02
-1.144694708240751879e+02
-1.142626605786838354e+02
-1.140558503332925966e+02
-1.138490400879013578e+02
-1.136422298425100053e+02
-1.134354195971187664e+02
-1.132286093517275276e+02
-1.130217991063361751e+02
-1.128149888609449363e+02
-1.126081786155535838e+02
-1.124013683701623449e+02
-1.121945581247711061e+02
-1.119877478793797536e+02
-1.117809376339885148e+02
-1.115741273885971623e+02
-1.113673171432059235e+02
-1.111605068978146846e+02
-1.109536966524233321e+02
-1.107468864070320933e+02
-1.105400761616407408e+02
-1.103332659162495020e+02
-1.101264556708582631e+02
-1.099196454254669106e+02
-1.097128351800756718e+02
-1.095060249346844330e+02
-1.092992146892930805e+02
-1.090924044439018417e+02
-1.088855941985104892e+02
-1.086787839531192503e+02
-1.084719737077280115e+02
-1.082651634623366590e+02
-1.080583532169454202e+02
-1.078515429715540677e+02
-1.076447327261628288e+02
-1.074379224807715900e+02
-1.072311122353802375e+02
-1.070243019899889987e+02
-1.068174917445976462e+02
-1.066106814992064074e+02
-1.064038712538151685e+02
-1.061970610084238160e+02
-1.059902507630325772e+02
-1.057834405176413384e+02
-1.055766302722499859e+02
-1.053698200268587470e+02
-1.051630097814673945e+02
-1.049561995360761557e+02
-1.047493892906849169e+02
-1.045425790452935644e+02
-1.043357687999023256e+02
-1.041289585545109730e+02
-1.039221483091197342e+02
-1.037153380637284954e+02
-1.035085278183371429e+02
-1.033017175729459041e+02
-1.030949073275545516e+02
-1.028880970821633127e+02
-1.026812868367720739e+02
-1.024744765913807214e+02
-1.022676663459894826e+02
-1.020608561005981301e+02
-1.018540458552068912e+02
-1.016472356098156524e+02
-1.014404253644242999e+02
-1.012336151190330611e+02
-1.010268048736418223e+02
-1.008199946282504698e+02
-1.006131843828592309e+02
-1.004063741374678784e+02
-1.001995638920766396e+02
-9.999275364668540078e+01
-9.978594340129404827e+01
-9.957913315590280945e+01
-9.937232291051145694e+01
-9.916551266512021812e+01
-9.895870241972897929e+01
-9.875189217433762678e+01
-9.854508192894638796e+01
-9.833827168355503545e+01
-9.813146143816379663e+01
-9.792465119277255781e+01
-9.771784094738120530e+01
-9.751103070198996647e+01
-9.730422045659872765e+01
-9.709741021120737514e+01
-9.689059996581613632e+01
-9.668378972042478381e+01
-9.647697947503354499e+01
-9.627016922964230616e+01
-9.606335898425095365e+01
-9.585654873885971483e+01
-9.564973849346836232e+01
-9.544292824807712350e+01
-9.523611800268588468e+01
-9.502930775729453217e+01
-9.482249751190329334e+01
-9.461568726651194083e+01
-9.440887702112070201e+01
-9.420206677572946319e+01
-9.399525653033811068e+01
-9.378844628494687186e+01
-9.358163603955563303e+01
-9.337482579416428052e+01
-9.316801554877304170e+01
-9.296120530338168919e+01
-9.275439505799045037e+01
-9.254758481259921155e+01
-9.234077456720785904e+01
-9.213396432181662021e+01
-9.192715407642526770e+01
-9.172034383103402888e+01
-9.151353358564279006e+01
-9.130672334025143755e+01
-9.109991309486019873e+01
-9.089310284946884622e+01
-9.068629260407760739e+01
-9.047948235868636857e+01
-9.027267211329501606e+01
-9.006586186790377724e+01
-8.985905162251242473e+01
-8.965224137712118591e+01
-8.944543113172994708e+01
-8.923862088633859457e+01
-8.903181064094735575e+01
-8.882500039555611693e+01
-8.861819015016476442e+01
-8.841137990477352560e+01
-8.820456965938217309e+01
-8.799775941399093426e+01
-8.779094916859969544e+01
-8.758413892320834293e+01
-8.737732867781710411e+01
-8.717051843242575160e+01
-8.696370818703451278e+01
-8.675689794164327395e+01
-8.655008769625192144e+01
-8.634327745086068262e+01
-8.613646720546933011e+01
-8.592965696007809129e+01
-8.572284671468685247e+01
-8.551603646929549996e+01
-8.530922622390426113e+01
-8.510241597851302231e+01
-8.489560573312166980e+01
-8.468879548773043098e+01
-8.448198524233907847e+01
-8.427517499694783965e+01
-8.406836475155660082e+01
-8.386155450616524831e+01
-8.365474426077400949e+01
-8.344793401538265698e+01
-8.324112376999141816e+01
-8.303431352460017933e+01
-8.282750327920882683e+01
-8.262069303381758800e+01
-8.241388278842623549e+01
-8.220707254303499667e+01
-8.200026229764375785e+01
-8.179345205225240534e+01
-8.158664180686116651e+01
-8.137983156146992769e+01
-8.117302131607857518e+01
-8.096621107068733636e+01
-8.075940082529598385e+01
-8.055259057990474503e+01
-8.034578033451350620e+01
-8.013897008912215369e+01
-7.993215984373091487e+01
-7.972534959833956236e+01
-7.951853935294832354e+01
-7.931172910755708472e+01
-7.910491886216573221e+01
-7.889810861677449338e+01
-7.869129837138314087e+01
-7.848448812599190205e+01
-7.827767788060066323e+01
-7.807086763520931072e+01
-7.786405738981807190e+01
-7.765724714442683307e+01
-7.745043689903548056e+01
-7.724362665364424174e+01
-7.703681640825288923e+01
-7.683000616286165041e+01
-7.662319591747041159e+01
-7.641638567207905908e+01
-7.620957542668782025e+01
-7.600276518129646774e+01
-7.579595493590522892e+01
-7.558914469051399010e+01
-7.538233444512263759e+01
-7.517552419973139877e+01
-7.496871395434004626e+01
-7.476190370894880743e+01
-7.455509346355756861e+01
-7.434828321816621610e+01
-7.414147297277497728e+01
-7.393466272738362477e+01
-7.372785248199238595e+01
-7.352104223660114712e+01
-7.331423199120979461e+01
-7.310742174581855579e+01
-7.290061150042731697e+01
-7.269380125503596446e+01
-7.248699100964472564e+01
-7.228018076425337313e+01
-7.207337051886213430e+01
-7.186656027347089548e+01
-7.165975002807954297e+01
-7.145293978268830415e+01
-7.124612953729695164e+01
-7.103931929190571282e+01
-7.083250904651447399e+01
-7.062569880112312148e+01
-7.041888855573188266e+01
-7.021207831034053015e+01
-7.000526806494929133e+01
-6.979845781955805251e+01
-6.959164757416670000e+01
-6.938483732877546117e+01
-6.917802708338422235e+01
-6.897121683799286984e+01
-6.876440659260163102e+01
-6.855759634721027851e+01
-6.835078610181903969e+01
-6.814397585642780086e+01
-6.793716561103644835e+01
-6.773035536564520953e+01
-6.752354512025385702e+01
-6.731673487486261820e+01
-6.710992462947137938e+01
-6.690311438408002687e+01
-6.669630413868878804e+01
-6.648949389329743553e+01
-6.628268364790619671e+01
-6.607587340251495789e+01
-6.586906315712360538e+01
-6.566225291173236656e+01
-6.545544266634112773e+01
-6.524863242094977522e+01
-6.504182217555853640e+01
-6.483501193016718389e+01
-6.462820168477594507e+01
-6.442139143938470625e+01
-6.421458119399335374e+01
-6.400777094860211491e+01
-6.380096070321076240e+01
-6.359415045781952358e+01
-6.338734021242828476e+01
-6.318052996703693225e+01
-6.297371972164569343e+01
-6.276690947625434092e+01
-6.256009923086310209e+01
-6.235328898547186327e+01
-6.214647874008051076e+01
-6.193966849468927194e+01
-6.173285824929803312e+01
-6.152604800390668061e+01
-6.131923775851544178e+01
-6.111242751312408927e+01
-6.090561726773285045e+01
-6.069880702234161163e+01
-6.049199677695025912e+01
-6.028518653155902030e+01
-6.007837628616766779e+01
-5.987156604077642896e+01
-5.966475579538519014e+01
-5.945794554999383763e+01
-5.925113530460259881e+01
-5.904432505921124630e+01
-5.883751481382000748e+01
-5.863070456842876865e+01
-5.842389432303741614e+01
-5.821708407764617732e+01
-5.801027383225482481e+01
-5.780346358686358599e+01
-5.759665334147234717e+01
-5.738984309608099466e+01
-5.718303285068975583e+01
-5.697622260529851701e+01
-5.676941235990716450e+01
-5.656260211451592568e+01
-5.635579186912457317e+01
-5.614898162373333435e+01
-5.594217137834209552e+01
-5.573536113295074301e+01
-5.552855088755950419e+01
-5.532174064216815168e+01
-5.511493039677691286e+01
-5.490812015138567403e+01
-5.470130990599432153e+01
-5.449449966060308270e+01
-5.428768941521173019e+01
-5.408087916982049137e+01
-5.387406892442925255e+01
-5.366725867903790004e+01
-5.346044843364666121e+01
-5.325363818825542239e+01
-5.304682794286406988e+01
-5.284001769747283106e+01
-5.263320745208147855e+01
-5.242639720669023973e+01
-5.221958696129900090e+01
-5.201277671590764839e+01
-5.180596647051640957e+01
-5.159915622512505706e+01
-5.139234597973381824e+01
-5.118553573434257942e+01
-5.097872548895122691e+01
-5.077191524355998808e+01
-5.056510499816863557e+01
-5.035829475277739675e+01
-5.015148450738615793e+01
-4.994467426199480542e+01
-4.973786401660356660e+01
-4.953105377121232777e+01
-4.932424352582097526e+01
-4.911743328042973644e+01
-4.891062303503838393e+01
-4.870381278964714511e+01
-4.849700254425590629e+01
-4.829019229886455378e+01
-4.808338205347331495e+01
-4.787657180808196244e+01
-4.766976156269072362e+01
-4.746295131729948480e+01
-4.725614107190813229e+01
-4.704933082651689347e+01
-4.684252058112554096e+01
-4.663571033573430213e+01
-4.642890009034306331e+01
-4.622208984495171080e+01
-4.601527959956047198e+01
-4.580846935416923316e+01
-4.560165910877788065e+01
-4.539484886338664182e+01
-4.518803861799528931e+01
-4.498122837260405049e+01
-4.477441812721281167e+01
-4.456760788182145916e+01
-4.436079763643022034e+01
-4.415398739103886783e+01
-4.394717714564762900e+01
-4.374036690025639018e+01
-4.353355665486503767e+01
-4.332674640947379885e+01
-4.311993616408244634e+01
-4.291312591869120752e+01
-4.270631567329996869e+01
-4.249950542790861618e+01
-4.229269518251737736e+01
-4.208588493712602485e+01
-4.187907469173478603e+01
-4.167226444634354721e+01
-4.146545420095219470e+01
-4.125864395556095587e+01
-4.105183371016971705e+01
-4.084502346477836454e+01
-4.063821321938712572e+01
-4.043140297399577321e+01
-4.022459272860453439e+01
-4.001778248321329556e+01
-3.981097223782194305e+01
-3.960416199243070423e+01
-3.939735174703935172e+01
-3.919054150164811290e+01
-3.898373125625687408e+01
-3.877692101086552157e+01
-3.857011076547428274e+01
-3.836330052008293023e+01
-3.815649027469169141e+01
-3.794968002930045259e+01
-3.774286978390910008e+01
-3.753605953851786126e+01
-3.732924929312662243e+01
-3.712243904773526992e+01
-3.691562880234403110e+01
-3.670881855695267859e+01
-3.650200831156143977e+01
-3.629519806617020095e+01
-3.608838782077884844e+01
-3.588157757538760961e+01
-3.567476732999625710e+01
-3.546795708460501828e+01
-3.526114683921377946e+01
-3.505433659382242695e+01
-3.484752634843118813e+01
-3.464071610303983562e+01
-3.443390585764859679e+01
-3.422709561225735797e+01
-3.402028536686600546e+01
-3.381347512147476664e+01
-3.360666487608352782e+01
-3.339985463069217531e+01
-3.319304438530093648e+01
-3.298623413990958397e+01
-3.277942389451834515e+01
-3.257261364912710633e+01
-3.236580340373575382e+01
-3.215899315834451500e+01
-3.195218291295316249e+01
-3.174537266756192366e+01
-3.153856242217068484e+01
-3.133175217677933233e+01
-3.112494193138809351e+01
-3.091813168599674100e+01
-3.071132144060550218e+01
-3.050451119521426335e+01
-3.029770094982291084e+01
-3.009089070443167202e+01
-2.988408045904031951e+01
-2.967727021364908069e+01
-2.947045996825784187e+01
-2.926364972286648936e+01
-2.905683947747525053e+01
-2.885002923208401171e+01
-2.864321898669265920e+01
-2.843640874130142038e+01
-2.822959849591006787e+01
-2.802278825051882905e+01
-2.781597800512759022e+01
-2.760916775973623771e+01
-2.740235751434499889e+01
-2.719554726895364638e+01
-2.698873702356240756e+01
-2.678192677817116873e+01
-2.657511653277981623e+01
-2.636830628738857740e+01
-2.616149604199722489e+01
-2.595468579660598607e+01
-2.574787555121474725e+01
-2.554106530582339474e+01
-2.533425506043215591e+01
-2.512744481504091709e+01
-2.492063456964956458e+01
-2.471382432425832576e+01
-2.450701407886697325e+01
-2.430020383347573443e+01
-2.409339358808449560e+01
-2.388658334269314309e+01
-2.367977309730190427e+01
-2.347296285191055176e+01
-2.326615260651931294e+01
-2.305934236112807412e+01
-2.285253211573672161e+01
-2.264572187034548278e+01
-2.243891162495413028e+01
-2.223210137956289145e+01
-2.202529113417165263e+01
-2.181848088878030012e+01
-2.161167064338906130e+01
-2.140486039799782247e+01
-2.119805015260646996e+01
-2.099123990721523114e+01
-2.078442966182387863e+01
-2.057761941643263981e+01
-2.037080917104140099e+01
-2.016399892565004848e+01
-1.995718868025880965e+01
-1.975037843486745714e+01
-1.954356818947621832e+01
-1.933675794408497950e+01
-1.912994769869362699e+01
-1.892313745330238817e+01
-1.871632720791103566e+01
-1.850951696251979683e+01
-1.830270671712855801e+01
-1.809589647173720550e+01
-1.788908622634596668e+01
-1.768227598095472786e+01
-1.747546573556337535e+01
-1.726865549017213652e+01
-1.706184524478078401e+01
-1.685503499938954519e+01
-1.664822475399830637e+01
-1.644141450860695386e+01
-1.623460426321571504e+01
-1.602779401782436253e+01
-1.582098377243312370e+01
-1.561417352704188488e+01
-1.540736328165053237e+01
-1.520055303625929355e+01
-1.499374279086794104e+01
-1.478693254547670222e+01
-1.458012230008546339e+01
-1.437331205469411088e+01
-1.416650180930287206e+01
-1.395969156391151955e+01
-1.375288131852028073e+01
-1.354607107312904191e+01
-1.333926082773768940e+01
-1.313245058234645057e+01
-1.292564033695521175e+01
-1.271883009156385924e+01
-1.251201984617262042e+01
-1.230520960078126791e+01
-1.209839935539002909e+01
-1.189158910999879026e+01
-1.168477886460743775e+01
-1.147796861921619893e+01
-1.127115837382484642e+01
-1.106434812843360760e+01
-1.085753788304236878e+01
-1.065072763765101627e+01
-1.044391739225977744e+01
-1.023710714686842493e+01
-1.003029690147718611e+01
-9.823486656085947288e+00
-9.616676410694594779e+00
-9.409866165303355956e+00
-9.203055919912117133e+00
-8.996245674520764624e+00
-8.789435429129525801e+00
-8.582625183738173291e+00
-8.375814938346934468e+00
-8.169004692955695646e+00
-7.962194447564343136e+00
-7.755384202173104313e+00
-7.548573956781751804e+00
-7.341763711390512981e+00
-7.134953465999274158e+00
-6.928143220607921648e+00
-6.721332975216682826e+00
-6.514522729825330316e+00
-6.307712484434091493e+00
-6.100902239042852671e+00
-5.894091993651500161e+00
-5.687281748260261338e+00
-5.480471502869022515e+00
-5.273661257477670006e+00
-5.066851012086431183e+00
-4.860040766695078673e+00
-4.653230521303839851e+00
-4.446420275912601028e+00
-4.239610030521248518e+00
-4.032799785130009695e+00
-3.825989539738657186e+00
-3.619179294347418363e+00
-3.412369048956179540e+00
-3.205558803564827031e+00
-2.998748558173588208e+00
-2.791938312782235698e+00
-2.585128067390996875e+00
-2.378317821999758053e+00
-2.171507576608405543e+00
-1.964697331217166720e+00
-1.757887085825927898e+00
-1.551076840434575388e+00
-1.344266595043336565e+00
-1.137456349651984056e+00
-9.306461042607452328e-01
-7.238358588695064100e-01
-5.170256134781539004e-01
-3.102153680869150776e-01
-1.034051226955625680e-01
1.034051226956762548e-01
3.102153680869150776e-01
5.170256134782675872e-01
7.238358588695064100e-01
9.306461042608589196e-01
1.137456349652097742e+00
1.344266595043336565e+00
1.551076840434689075e+00
1.757887085825927898e+00
1.964697331217280407e+00
2.171507576608519230e+00
2.378317821999758053e+00
2.585128067391110562e+00
2.791938312782349385e+00
2.998748558173588208e+00
3.205558803564940717e+00
3.412369048956179540e+00
3.619179294347532050e+00
3.825989539738770873e+00
4.032799785130009695e+00
4.239610030521362205e+00
4.446420275912601028e+00
4.653230521303953537e+00
4.860040766695192360e+00
5.066851012086431183e+00
5.273661257477783693e+00
5.480471502869022515e+00
5.687281748260375025e+00
5.894091993651613848e+00
6.100902239042852671e+00
6.307712484434205180e+00
6.514522729825444003e+00
6.721332975216682826e+00
6.928143220608035335e+00
7.134953465999274158e+00
7.341763711390626668e+00
7.548573956781865490e+00
7.755384202173104313e+00
7.962194447564456823e+00
8.169004692955695646e+00
8.375814938347048155e+00
8.582625183738286978e+00
8.789435429129525801e+00
8.996245674520878310e+00
9.203055919912117133e+00
9.409866165303469643e+00
9.616676410694708466e+00
9.823486656085947288e+00
1.003029690147729980e+01
1.023710714686853862e+01
1.044391739225977744e+01
1.065072763765112995e+01
1.085753788304236878e+01
1.106434812843372129e+01
1.127115837382496011e+01
1.147796861921619893e+01
1.168477886460755144e+01
1.189158910999879026e+01
1.209839935539014277e+01
1.230520960078138160e+01
1.251201984617262042e+01
1.271883009156397293e+01
1.292564033695521175e+01
1.313245058234656426e+01
1.333926082773780308e+01
1.354607107312904191e+01
1.375288131852039442e+01
1.395969156391163324e+01
1.416650180930287206e+01
1.437331205469422457e+01
1.458012230008546339e+01
1.478693254547681590e+01
1.499374279086805473e+01
1.520055303625929355e+01
1.540736328165064606e+01
1.561417352704188488e+01
1.582098377243323739e+01
1.602779401782447621e+01
1.623460426321571504e+01
1.644141450860706755e+01
1.664822475399830637e+01
1.685503499938965888e+01
1.706184524478089770e+01
1.726865549017213652e+01
1.747546573556348903e+01
1.768227598095472786e+01
1.788908622634608037e+01
1.809589647173731919e+01
1.830270671712855801e+01
1.850951696251991052e+01
1.871632720791114934e+01
1.892313745330238817e+01
1.912994769869374068e+01
1.933675794408497950e+01
1.954356818947633201e+01
1.975037843486757083e+01
1.995718868025880965e+01
2.016399892565016216e+01
2.037080917104140099e+01
2.057761941643275350e+01
2.078442966182399232e+01
2.099123990721523114e+01
2.119805015260658365e+01
2.140486039799782247e+01
2.161167064338917498e+01
2.181848088878041381e+01
2.202529113417165263e+01
2.223210137956300514e+01
2.243891162495424396e+01
2.264572187034548278e+01
2.285253211573683529e+01
2.305934236112807412e+01
2.326615260651942663e+01
2.347296285191066545e+01
2.367977309730190427e+01
2.388658334269325678e+01
2.409339358808449560e+01
2.430020383347584811e+01
2.450701407886708694e+01
2.471382432425832576e+01
2.492063456964967827e+01
2.512744481504091709e+01
2.533425506043226960e+01
2.554106530582350842e+01
2.574787555121474725e+01
2.595468579660609976e+01
2.616149604199733858e+01
2.636830628738857740e+01
2.657511653277992991e+01
2.678192677817116873e+01
2.698873702356252124e+01
2.719554726895376007e+01
2.740235751434499889e+01
2.760916775973635140e+01
2.781597800512759022e+01
2.802278825051894273e+01
2.822959849591018155e+01
2.843640874130142038e+01
2.864321898669277289e+01
2.885002923208401171e+01
2.905683947747536422e+01
2.926364972286660304e+01
2.947045996825784187e+01
2.967727021364919437e+01
2.988408045904043320e+01
3.009089070443167202e+01
3.029770094982302453e+01
3.050451119521426335e+01
3.071132144060561586e+01
3.091813168599685469e+01
3.112494193138809351e+01
3.133175217677944602e+01
3.153856242217068484e+01
3.174537266756203735e+01
3.195218291295327617e+01
3.215899315834451500e+01
3.236580340373586751e+01
3.257261364912710633e+01
3.277942389451845884e+01
3.298623413990969766e+01
3.319304438530093648e+01
3.339985463069228899e+01
3.360666487608352782e+01
3.381347512147488032e+01
3.402028536686611915e+01
3.422709561225735797e+01
3.443390585764871048e+01
3.464071610303994930e+01
3.484752634843118813e+01
3.505433659382254064e+01
3.526114683921377946e+01
3.546795708460513197e+01
3.567476732999637079e+01
3.588157757538760961e+01
3.608838782077896212e+01
3.629519806617020095e+01
3.650200831156155346e+01
3.670881855695279228e+01
3.691562880234403110e+01
3.712243904773538361e+01
3.732924929312662243e+01
3.753605953851797494e+01
3.774286978390921377e+01
3.794968002930045259e+01
3.815649027469180510e+01
3.836330052008304392e+01
3.857011076547428274e+01
3.877692101086563525e+01
3.898373125625687408e+01
3.919054150164822659e+01
3.939735174703946541e+01
3.960416199243070423e+01
3.981097223782205674e+01
4.001778248321329556e+01
4.022459272860464807e+01
4.043140297399588690e+01
4.063821321938712572e+01
4.084502346477847823e+01
4.105183371016971705e+01
4.125864395556106956e+01
4.146545420095230838e+01
4.167226444634354721e+01
4.187907469173489972e+01
4.208588493712613854e+01
4.229269518251737736e+01
4.249950542790872987e+01
4.270631567329996869e+01
4.291312591869132120e+01
4.311993616408256003e+01
4.332674640947379885e+01
4.353355665486515136e+01
4.374036690025639018e+01
4.394717714564774269e+01
4.415398739103898151e+01
4.436079763643022034e+01
4.456760788182157285e+01
4.477441812721281167e+01
4.498122837260416418e+01
4.518803861799540300e+01
4.539484886338664182e+01
4.560165910877799433e+01
4.580846935416923316e+01
4.601527959956058567e+01
4.622208984495182449e+01
4.642890009034306331e+01
4.663571033573441582e+01
4.684252058112565464e+01
4.704933082651689347e+01
4.725614107190824598e+01
4.746295131729948480e+01
4.766976156269083731e+01
4.787657180808207613e+01
4.808338205347331495e+01
4.829019229886466746e+01
4.849700254425590629e+01
4.870381278964725880e+01
4.891062303503849762e+01
4.911743328042973644e+01
4.932424352582108895e+01
4.953105377121232777e+01
4.973786401660368028e+01
4.994467426199491911e+01
5.015148450738615793e+01
5.035829475277751044e+01
5.056510499816874926e+01
5.077191524355998808e+01
5.097872548895134059e+01
5.118553573434257942e+01
5.139234597973393193e+01
5.159915622512517075e+01
5.180596647051640957e+01
5.201277671590776208e+01
5.221958696129900090e+01
5.242639720669035341e+01
5.263320745208159224e+01
5.284001769747283106e+01
5.304682794286418357e+01
5.325363818825542239e+01
5.346044843364677490e+01
5.366725867903801372e+01
5.387406892442925255e+01
5.408087916982060506e+01
5.428768941521184388e+01
5.449449966060308270e+01
5.470130990599443521e+01
5.490812015138567403e+01
5.511493039677702654e+01
5.532174064216826537e+01
5.552855088755950419e+01
5.573536113295085670e+01
5.594217137834209552e+01
5.614898162373344803e+01
5.635579186912468685e+01
5.656260211451592568e+01
5.676941235990727819e+01
5.697622260529851701e+01
5.718303285068986952e+01
5.738984309608110834e+01
5.759665334147234717e+01
5.780346358686369967e+01
5.801027383225493850e+01
5.821708407764617732e+01
5.842389432303752983e+01
5.863070456842876865e+01
5.883751481382012116e+01
5.904432505921135999e+01
5.925113530460259881e+01
5.945794554999395132e+01
5.966475579538519014e+01
5.987156604077654265e+01
6.007837628616778147e+01
6.028518653155902030e+01
6.049199677695037281e+01
6.069880702234161163e+01
6.090561726773296414e+01
6.111242751312420296e+01
6.131923775851544178e+01
6.152604800390679429e+01
6.173285824929803312e+01
6.193966849468938562e+01
6.214647874008062445e+01
6.235328898547186327e+01
6.256009923086321578e+01
6.276690947625445460e+01
6.297371972164569343e+01
6.318052996703704594e+01
6.338734021242828476e+01
6.359415045781963727e+01
6.380096070321087609e+01
6.400777094860211491e+01
6.421458119399346742e+01
6.442139143938470625e+01
6.462820168477605876e+01
6.483501193016729758e+01
6.504182217555853640e+01
6.524863242094988891e+01
6.545544266634112773e+01
6.566225291173248024e+01
6.586906315712371907e+01
6.607587340251495789e+01
6.628268364790631040e+01
6.648949389329754922e+01
6.669630413868878804e+01
6.690311438408014055e+01
6.710992462947137938e+01
6.731673487486273189e+01
6.752354512025397071e+01
6.773035536564520953e+01
6.793716561103656204e+01
6.814397585642780086e+01
6.835078610181915337e+01
6.855759634721039220e+01
6.876440659260163102e+01
6.897121683799298353e+01
6.917802708338422235e+01
6.938483732877557486e+01
6.959164757416681368e+01
6.979845781955805251e+01
7.000526806494940502e+01
7.021207831034064384e+01
7.041888855573188266e+01
7.062569880112323517e+01
7.083250904651447399e+01
7.103931929190582650e+01
7.124612953729706533e+01
7.145293978268830415e+01
7.165975002807965666e+01
7.186656027347089548e+01
7.207337051886224799e+01
7.228018076425348681e+01
7.248699100964472564e+01
7.269380125503607815e+01
7.290061150042731697e+01
7.310742174581866948e+01
7.331423199120990830e+01
7.352104223660114712e+01
7.372785248199249963e+01
7.393466272738373846e+01
7.414147297277497728e+01
7.434828321816632979e+01
7.455509346355756861e+01
7.476190370894892112e+01
7.496871395434015994e+01
7.517552419973139877e+01
7.538233444512275128e+01
7.558914469051399010e+01
7.579595493590534261e+01
7.600276518129658143e+01
7.620957542668782025e+01
7.641638567207917276e+01
7.662319591747041159e+01
7.683000616286176410e+01
7.703681640825300292e+01
7.724362665364424174e+01
7.745043689903559425e+01
7.765724714442683307e+01
7.786405738981818558e+01
7.807086763520942441e+01
7.827767788060066323e+01
7.848448812599201574e+01
7.869129837138325456e+01
7.889810861677449338e+01
7.910491886216584589e+01
7.931172910755708472e+01
7.951853935294843723e+01
7.972534959833967605e+01
7.993215984373091487e+01
8.013897008912226738e+01
8.034578033451350620e+01
8.055259057990485871e+01
8.075940082529609754e+01
8.096621107068733636e+01
8.117302131607868887e+01
8.137983156146992769e+01
8.158664180686128020e+01
8.179345205225251902e+01
8.200026229764375785e+01
8.220707254303511036e+01
8.241388278842634918e+01
8.262069303381758800e+01
8.282750327920894051e+01
8.303431352460017933e+01
8.324112376999153184e+01
8.344793401538277067e+01
8.365474426077400949e+01
8.386155450616536200e+01
8.406836475155660082e+01
8.427517499694795333e+01
8.448198524233919215e+01
8.468879548773043098e+01
8.489560573312178349e+01
8.510241597851302231e+01
8.530922622390437482e+01
8.551603646929561364e+01
8.572284671468685247e+01
8.592965696007820497e+01
8.613646720546944380e+01
8.634327745086068262e+01
8.655008769625203513e+01
8.675689794164327395e+01
8.696370818703462646e+01
8.717051843242586529e+01
8.737732867781710411e+01
8.758413892320845662e+01
8.779094916859969544e+01
8.799775941399104795e+01
8.820456965938228677e+01
8.841137990477352560e+01
8.861819015016487810e+01
8.882500039555611693e+01
8.903181064094746944e+01
8.923862088633870826e+01
8.944543113172994708e+01
8.965224137712129959e+01
8.985905162251253842e+01
9.006586186790377724e+01
9.027267211329512975e+01
9.047948235868636857e+01
9.068629260407772108e+01
9.089310284946895990e+01
9.109991309486019873e+01
9.130672334025155124e+01
9.151353358564279006e+01
9.172034383103414257e+01
9.192715407642538139e+01
9.213396432181662021e+01
9.234077456720797272e+01
9.254758481259921155e+01
9.275439505799056406e+01
9.296120530338180288e+01
9.316801554877304170e+01
9.337482579416439421e+01
9.358163603955563303e+01
9.378844628494698554e+01
9.399525653033822437e+01
9.420206677572946319e+01
9.440887702112081570e+01
9.461568726651205452e+01
9.482249751190329334e+01
9.502930775729464585e+01
9.523611800268588468e+01
9.544292824807723719e+01
9.564973849346847601e+01
9.585654873885971483e+01
9.606335898425106734e+01
9.627016922964230616e+01
9.647697947503365867e+01
9.668378972042489750e+01
9.689059996581613632e+01
9.709741021120748883e+01
9.730422045659872765e+01
9.751103070199008016e+01
9.771784094738131898e+01
9.792465119277255781e+01
9.813146143816391032e+01
9.833827168355514914e+01
9.854508192894638796e+01
9.875189217433774047e+01
9.895870241972897929e+01
9.916551266512033180e+01
9.937232291051157063e+01
9.957913315590280945e+01
9.978594340129416196e+01
9.999275364668540078e+01
1.001995638920767533e+02
1.004063741374679921e+02
1.006131843828592309e+02
1.008199946282505834e+02
1.010268048736418223e+02
1.012336151190331748e+02
1.014404253644244136e+02
1.016472356098156524e+02
1.018540458552070049e+02
1.020608561005982438e+02
1.022676663459894826e+02
1.024744765913808351e+02
1.026812868367720739e+02
1.028880970821634264e+02
1.030949073275546652e+02
1.033017175729459041e+02
1.035085278183372566e+02
1.037153380637284954e+02
1.039221483091198479e+02
1.041289585545110867e+02
1.043357687999023256e+02
1.045425790452936781e+02
1.047493892906849169e+02
1.049561995360762694e+02
1.051630097814675082e+02
1.053698200268587470e+02
1.055766302722500996e+02
1.057834405176413384e+02
1.059902507630326909e+02
1.061970610084239297e+02
1.064038712538151685e+02
1.066106814992065210e+02
1.068174917445977599e+02
1.070243019899889987e+02
1.072311122353803512e+02
1.074379224807715900e+02
1.076447327261629425e+02
1.078515429715541813e+02
1.080583532169454202e+02
1.082651634623367727e+02
1.084719737077280115e+02
1.086787839531193640e+02
1.088855941985106028e+02
1.090924044439018417e+02
1.092992146892931942e+02
1.095060249346844330e+02
1.097128351800757855e+02
1.099196454254670243e+02
1.101264556708582631e+02
1.103332659162496157e+02
1.105400761616408545e+02
1.107468864070320933e+02
1.109536966524234458e+02
1.111605068978146846e+02
1.113673171432060371e+02
1.115741273885972760e+02
1.117809376339885148e+02
1.119877478793798673e+02
1.121945581247711061e+02
1.124013683701624586e+02
1.126081786155536975e+02
1.128149888609449363e+02
1.130217991063362888e+02
1.132286093517275276e+02
1.134354195971188801e+02
1.136422298425101189e+02
1.138490400879013578e+02
1.140558503332927103e+02
1.142626605786839491e+02
1.144694708240751879e+02
1.146762810694665404e+02
1.148830913148577793e+02
1.150899015602491318e+02
1.152967118056403706e+02
1.155035220510316094e+02
1.157103322964229619e+02
1.159171425418142007e+02
1.161239527872055532e+02
1.163307630325967921e+02
1.165375732779880309e+02
1.167443835233793834e+02
1.169511937687706222e+02
1.171580040141619747e+02
1.173648142595532136e+02
1.175716245049444524e+02
1.177784347503358049e+02
1.179852449957270437e+02
1.181920552411182825e+02
1.183988654865096350e+02
1.186056757319008739e+02
1.188124859772922264e+02
1.190192962226834652e+02
1.192261064680747040e+02
1.194329167134660565e+02
1.196397269588572954e+02
1.198465372042486479e+02
1.200533474496398867e+02
1.202601576950311255e+02
1.204669679404224780e+02
1.206737781858137168e+02
1.208805884312050694e+02
1.210873986765963082e+02
1.212942089219875470e+02
1.215010191673788995e+02
1.217078294127701383e+02
1.219146396581614908e+02
1.221214499035527297e+02
1.223282601489439685e+02
1.225350703943353210e+02
1.227418806397265598e+02
1.229486908851177986e+02
1.231555011305091512e+02
1.233623113759003900e+02
1.235691216212917425e+02
1.237759318666829813e+02
1.239827421120742201e+02
1.241895523574655726e+02
1.243963626028568115e+02
1.246031728482481640e+02
1.248099830936394028e+02
1.250167933390306416e+02
1.252236035844219941e+02
1.254304138298132330e+02
1.256372240752045855e+02
1.258440343205958243e+02
1.260508445659870631e+02
1.262576548113784156e+02
1.264644650567696544e+02
1.266712753021608933e+02
1.268780855475522458e+02
1.270848957929434846e+02
1.272917060383348371e+02
1.274985162837260759e+02
1.277053265291173147e+02
1.279121367745086673e+02
1.281189470198999061e+02
1.283257572652912586e+02
1.285325675106824974e+02
1.287393777560737362e+02
1.289461880014650887e+02
1.291529982468563276e+02
1.293598084922476801e+02
1.295666187376389189e+02
1.297734289830301577e+02
1.299802392284215102e+02
1.301870494738127491e+02
1.303938597192039879e+02
1.306006699645953404e+02
1.308074802099865792e+02
1.310142904553779317e+02
1.312211007007691705e+02
1.314279109461604094e+02
1.316347211915517619e+02
1.318415314369430007e+02
1.320483416823343532e+02
1.322551519277255920e+02
1.324619621731168309e+02
1.326687724185081834e+02
1.328755826638994222e+02
1.330823929092907747e+02
1.332892031546820135e+02
1.334960134000732523e+02
1.337028236454646049e+02
1.339096338908558437e+02
1.341164441362470825e+02
1.343232543816384350e+02
1.345300646270296738e+02
1.347368748724210263e+02
1.349436851178122652e+02
1.351504953632035040e+02
1.353573056085948565e+02
1.355641158539860953e+02
1.357709260993774478e+02
1.359777363447686866e+02
1.361845465901599255e+02
1.363913568355512780e+02
1.365981670809425168e+02
1.368049773263338693e+02
1.370117875717251081e+02
1.372185978171163470e+02
1.374254080625076995e+02
1.376322183078989383e+02
1.378390285532902908e+02
1.380458387986815296e+02
1.382526490440727684e+02
1.384594592894641210e+02
1.386662695348553598e+02
1.388730797802465986e+02
1.390798900256379511e+02
1.392867002710291899e+02
1.394935105164205424e+02
1.397003207618117813e+02
1.399071310072030201e+02
1.401139412525943726e+02
1.403207514979856114e+02
1.405275617433769639e+02
1.407343719887682028e+02
1.409411822341594416e+02
1.411479924795507941e+02
1.413548027249420329e+02
1.415616129703333854e+02
1.417684232157246242e+02
1.419752334611158631e+02
1.421820437065072156e+02
1.423888539518984544e+02
1.425956641972896932e+02
1.428024744426810457e+02
1.430092846880722846e+02
1.432160949334636371e+02
1.434229051788548759e+02
1.436297154242461147e+02
1.438365256696374672e+02
1.440433359150287060e+02
1.442501461604200585e+02
1.444569564058112974e+02
1.446637666512025362e+02
1.448705768965938887e+02
1.450773871419851275e+02
1.452841973873764800e+02
1.454910076327677189e+02
1.456978178781589577e+02
1.459046281235503102e+02
1.461114383689415490e+02
1.463182486143327878e+02
1.465250588597241403e+02
1.467318691051153792e+02
1.469386793505067317e+02
1.471454895958979705e+02
1.473522998412892093e+02
1.475591100866805618e+02
1.477659203320718007e+02
1.479727305774631532e+02
1.481795408228543920e+02
1.483863510682456308e+02
1.485931613136369833e+02
1.487999715590282221e+02
1.490067818044195747e+02
1.492135920498108135e+02
1.494204022952020523e+02
1.496272125405934048e+02
1.498340227859846436e+02
1.500408330313758825e+02
1.502476432767672350e+02
1.504544535221584738e+02
1.506612637675498263e+02
1.508680740129410651e+02
1.510748842583323039e+02
1.512816945037236565e+02
1.514885047491148953e+02
1.516953149945062478e+02
1.519021252398974866e+02
1.521089354852887254e+02
1.523157457306800779e+02
1.525225559760713168e+02
1.527293662214626693e+02
1.529361764668539081e+02
1.531429867122451469e+02
1.533497969576364994e+02
1.535566072030277383e+02
1.537634174484190908e+02
1.539702276938103296e+02
1.541770379392015684e+02
1.543838481845929209e+02
1.545906584299841597e+02
1.547974686753753986e+02
1.550042789207667511e+02
1.552110891661579899e+02
1.554178994115493424e+02
1.556247096569405812e+02
1.558315199023318200e+02
1.560383301477231726e+02
1.562451403931144114e+02
1.564519506385057639e+02
1.566587608838970027e+02
1.568655711292882415e+02
1.570723813746795940e+02
1.572791916200708329e+02
1.574860018654621854e+02
1.576928121108534242e+02
1.578996223562446630e+02
1.581064326016360155e+02
1.583132428470272544e+02
1.585200530924184932e+02
1.587268633378098457e+02
1.589336735832010845e+02
1.591404838285924370e+02
1.593472940739836758e+02
1.595541043193749147e+02
1.597609145647662672e+02
1.599677248101575060e+02
1.601745350555488585e+02
1.603813453009400973e+02
1.605881555463313362e+02
1.607949657917226887e+02
1.610017760371139275e+02
1.612085862825052800e+02
1.614153965278965188e+02
1.616222067732877576e+02
1.618290170186791102e+02
1.620358272640703490e+02
1.622426375094615878e+02
1.624494477548529403e+02
1.626562580002441791e+02
1.628630682456355316e+02
1.630698784910267705e+02
1.632766887364180093e+02
1.634834989818093618e+02
1.636903092272006006e+02
1.638971194725919531e+02
1.641039297179831919e+02
1.643107399633744308e+02
1.645175502087657833e+02
1.647243604541570221e+02
1.649311706995483746e+02
1.651379809449396134e+02
1.653447911903308523e+02
1.655516014357222048e+02
1.657584116811134436e+02
1.659652219265046824e+02
1.661720321718960349e+02
1.663788424172872737e+02
1.665856526626786263e+02
1.667924629080698651e+02
1.669992731534611039e+02
1.672060833988524564e+02
1.674128936442436952e+02
1.676197038896350477e+02
1.678265141350262866e+02
1.680333243804175254e+02
1.682401346258088779e+02
1.684469448712001167e+02
1.686537551165914692e+02
1.688605653619827081e+02
1.690673756073739469e+02
1.692741858527652994e+02
1.694809960981565382e+02
1.696878063435478907e+02
1.698946165889391295e+02
1.701014268343303684e+02
1.703082370797217209e+02
1.705150473251129597e+02
1.707218575705041985e+02
1.709286678158955510e+02
1.711354780612867899e+02
1.713422883066781424e+02
1.715490985520693812e+02
1.717559087974606200e+02
1.719627190428519725e+02
1.721695292882432113e+02
1.723763395336345638e+02
1.725831497790258027e+02
1.727899600244170415e+02
1.729967702698083940e+02
1.732035805151996328e+02
1.734103907605909853e+02
1.736172010059822242e+02
1.738240112513734630e+02
1.740308214967648155e+02
1.742376317421560543e+02
1.744444419875472931e+02
1.746512522329386456e+02
1.748580624783298845e+02
1.750648727237212370e+02
1.752716829691124758e+02
1.754784932145037146e+02
1.756853034598950671e+02
1.758921137052863060e+02
1.760989239506776585e+02
1.763057341960688973e+02
1.765125444414601361e+02
1.767193546868514886e+02
1.769261649322427274e+02
1.771329751776340800e+02
1.773397854230252051e+02
1.775465956684165576e+02
1.777534059138079101e+02
1.779602161591992626e+02
1.781670264045903878e+02
1.783738366499817403e+02
1.785806468953730928e+02
1.787874571407642179e+02
1.789942673861555704e+02
1.792010776315469229e+02
1.794078878769380481e+02
1.796146981223294006e+02
1.798215083677207531e+02
1.800283186131118782e+02
1.802351288585032307e+02
1.804419391038945832e+02
1.806487493492859358e+02
1.808555595946770609e+02
1.810623698400684134e+02
1.812691800854597659e+02
1.814759903308508910e+02
1.816828005762422436e+02
1.818896108216335961e+02
1.820964210670247212e+02
1.823032313124160737e+02
1.825100415578074262e+02
1.827168518031987787e+02
1.829236620485899039e+02
1.831304722939812564e+02
1.833372825393726089e+02
1.835440927847637340e+02
1.837509030301550865e+02
1.839577132755464390e+02
1.841645235209375642e+02
1.843713337663289167e+02
1.845781440117202692e+02
1.847849542571113943e+02
1.849917645025027468e+02
1.851985747478940993e+02
1.854053849932854519e+02
1.856121952386765770e+02
1.858190054840679295e+02
1.860258157294592820e+02
1.862326259748504071e+02
1.864394362202417597e+02
1.866462464656331122e+02
1.868530567110242373e+02
1.870598669564155898e+02
1.872666772018069423e+02
1.874734874471982948e+02
1.876802976925894200e+02
1.878871079379807725e+02
1.880939181833721250e+02
1.883007284287632501e+02
1.885075386741546026e+02
1.887143489195459551e+02
1.889211591649370803e+02
1.891279694103284328e+02
1.893347796557197853e+02
1.895415899011109104e+02
1.897484001465022629e+02
1.899552103918936155e+02
1.901620206372849680e+02
1.903688308826760931e+02
1.905756411280674456e+02
1.907824513734587981e+02
1.909892616188499233e+02
1.911960718642412758e+02
1.914028821096326283e+02
1.916096923550237534e+02
1.918165026004151059e+02
1.920233128458064584e+02
1.922301230911975836e+02
1.924369333365889361e+02
1.926437435819802886e+02
1.928505538273716411e+02
1.930573640727627662e+02
1.932641743181541187e+02
1.934709845635454712e+02
1.936777948089365964e+02
1.938846050543279489e+02
1.940914152997193014e+02
1.942982255451104265e+02
1.945050357905017790e+02
1.947118460358931316e+02
1.949186562812844841e+02
1.951254665266756092e+02
1.953322767720669617e+02
1.955390870174583142e+02
1.957458972628494394e+02
1.959527075082407919e+02
1.961595177536321444e+02
1.963663279990232695e+02
1.965731382444146220e+02
1.967799484898059745e+02
1.969867587351970997e+02
1.971935689805884522e+02
1.974003792259798047e+02
1.976071894713711572e+02
1.978139997167622823e+02
1.980208099621536348e+02
1.982276202075449874e+02
1.984344304529361125e+02
1.986412406983274650e+02
1.988480509437188175e+02
1.990548611891099426e+02
1.992616714345012952e+02
1.994684816798926477e+02
1.996752919252840002e+02
1.998821021706751253e+02
2.000889124160664778e+02
2.002957226614578303e+02
2.005025329068489555e+02
2.007093431522403080e+02
2.009161533976316605e+02
2.011229636430227856e+02
2.013297738884141381e+02
2.015365841338054906e+02
2.017433943791966158e+02
2.019502046245879683e+02
2.021570148699793208e+02
2.023638251153706733e+02
2.025706353607617984e+02
2.027774456061531509e+02
2.029842558515445035e+02
2.031910660969356286e+02
2.033978763423269811e+02
2.036046865877183336e+02
2.038114968331094587e+02
2.040183070785008113e+02
2.042251173238921638e+02
2.044319275692832889e+02
2.046387378146746414e+02
2.048455480600659939e+02
2.050523583054573464e+02
2.052591685508484716e+02
2.054659787962398241e+02
2.056727890416311766e+02
2.058795992870223017e+02
2.060864095324136542e+02
2.062932197778050067e+02
2.065000300231961319e+02
2.067068402685874844e+02
2.069136505139788369e+02
2.071204607593701894e+02
2.073272710047613145e+02
2.075340812501526671e+02
2.077408914955440196e+02
2.079477017409351447e+02
2.081545119863264972e+02
2.083613222317178497e+02
2.085681324771089749e+02
2.087749427225003274e+02
2.089817529678916799e+02
2.091885632132828050e+02
2.093953734586741575e+02
2.096021837040655100e+02
2.098089939494568625e+02
2.100158041948479877e+02
2.102226144402393402e+02
2.104294246856306927e+02
2.106362349310218178e+02
2.108430451764131703e+02
2.110498554218045228e+02
2.112566656671956480e+02
2.114634759125870005e+02
2.116702861579783530e+02
2.118770964033697055e+02
2.120839066487608306e+02
2.122907168941521832e+02
2.124975271395435357e+02
2.127043373849346608e+02
2.129111476303260133e+02
2.131179578757173658e+02
2.133247681211084910e+02
2.135315783664998435e+02
2.137383886118911960e+02
2.139451988572823211e+02
2.141520091026736736e+02
2.143588193480650261e+02
2.145656295934563786e+02
2.147724398388475038e+02
2.149792500842388563e+02
2.151860603296302088e+02
2.153928705750213339e+02
2.155996808204126864e+02
2.158064910658040390e+02
2.160133013111951641e+02
2.162201115565865166e+02
2.164269218019778691e+02
2.166337320473689942e+02
2.168405422927603468e+02
2.170473525381516993e+02
2.172541627835430518e+02
2.174609730289341769e+02
2.176677832743255294e+02
2.178745935197168819e+02
2.180814037651080071e+02
2.182882140104993596e+02
2.184950242558907121e+02
2.187018345012818372e+02
2.189086447466731897e+02
2.191154549920645422e+02
2.193222652374558947e+02
2.195290754828470199e+02
2.197358857282383724e+02
2.199426959736297249e+02
2.201495062190208500e+02
2.203563164644122025e+02
2.205631267098035551e+02
2.207699369551946802e+02
2.209767472005860327e+02
2.211835574459773852e+02
2.213903676913685104e+02
2.215971779367598629e+02
2.218039881821512154e+02
2.220107984275425679e+02
2.222176086729336930e+02
2.224244189183250455e+02
2.226312291637163980e+02
2.228380394091075232e+02
2.230448496544988757e+02
2.232516598998902282e+02
2.234584701452813533e+02
2.236652803906727058e+02
2.238720906360640583e+02
2.240789008814551835e+02
2.242857111268465360e+02
2.244925213722378885e+02
2.246993316176292410e+02
2.249061418630203661e+02
2.251129521084117187e+02
2.253197623538030712e+02
2.255265725991941963e+02
2.257333828445855488e+02
2.259401930899769013e+02
2.261470033353680265e+02
2.263538135807593790e+02
2.265606238261507315e+02
2.267674340715420840e+02
2.269742443169332091e+02
2.271810545623245616e+02
2.273878648077159141e+02
2.275946750531070393e+02
2.278014852984983918e+02
2.280082955438897443e+02
2.282151057892808694e+02
2.284219160346722219e+02
2.286287262800635744e+02
2.288355365254546996e+02
2.290423467708460521e+02
2.292491570162374046e+02
2.294559672616287571e+02
2.296627775070198823e+02
2.298695877524112348e+02
2.300763979978025873e+02
2.302832082431937124e+02
2.304900184885850649e+02
2.306968287339764174e+02
2.309036389793675426e+02
2.311104492247588951e+02
2.313172594701502476e+02
2.315240697155416001e+02
2.317308799609327252e+02
2.319376902063240777e+02
2.321445004517154302e+02
2.323513106971065554e+02
2.325581209424979079e+02
2.327649311878892604e+02
2.329717414332803855e+02
2.331785516786717380e+02
2.333853619240630906e+02
2.335921721694542157e+02
2.337989824148455682e+02
2.340057926602369207e+02
2.342126029056282732e+02
2.344194131510193984e+02
2.346262233964107509e+02
2.348330336418021034e+02
2.350398438871932285e+02
2.352466541325845810e+02
2.354534643779759335e+02
2.356602746233670587e+02
2.358670848687584112e+02
2.360738951141497637e+02
2.362807053595408888e+02
2.364875156049322413e+02
2.366943258503235938e+02
2.369011360957149464e+02
2.371079463411060715e+02
2.373147565864974240e+02
2.375215668318887765e+02
2.377283770772799016e+02
2.379351873226712542e+02
2.381419975680626067e+02
2.383488078134537318e+02
2.385556180588450843e+02
2.387624283042364368e+02
2.389692385496277893e+02
2.391760487950189145e+02
2.393828590404102670e+02
2.395896692858016195e+02
2.397964795311927446e+02
2.400032897765840971e+02
2.402101000219754496e+02
2.404169102673665748e+02
2.406237205127579273e+02
2.408305307581492798e+02
2.410373410035404049e+02
2.412441512489317574e+02
2.414509614943231099e+02
2.416577717397144625e+02
2.418645819851055876e+02
2.420713922304969401e+02
2.422782024758882926e+02
2.424850127212794177e+02
2.426918229666707703e+02
2.428986332120621228e+02
2.431054434574532479e+02
2.433122537028446004e+02
2.435190639482359529e+02
2.437258741936273054e+02
2.439326844390184306e+02
2.441394946844097831e+02
2.443463049298011356e+02
2.445531151751922607e+02
2.447599254205836132e+02
2.449667356659749657e+02
2.451735459113660909e+02
2.453803561567574434e+02
2.455871664021487959e+02
2.457939766475399210e+02
2.460007868929312735e+02
2.462075971383226261e+02
2.464144073837139786e+02
2.466212176291051037e+02
2.468280278744964562e+02
2.470348381198878087e+02
2.472416483652789339e+02
2.474484586106702864e+02
2.476552688560616389e+02
2.478620791014527640e+02
2.480688893468441165e+02
2.482756995922354690e+02
2.484825098376265942e+02
2.486893200830179467e+02
2.488961303284092992e+02
2.491029405738006517e+02
2.493097508191917768e+02
2.495165610645831293e+02
2.497233713099744818e+02
2.499301815553656070e+02
